{
    "P0": 83,
    "FZ0": -890,
    "pCy1": 1.40518652733085,
    "pDy1": -2.317145799715882,
    "pDy2": 0.29753316111634565,
    "pDy3": 12.575256578571697,
    "pDy4": -0.06227701134643056,
    "pDy5": 0.17516792650611696,
    "pEy1": -0.7674562857028384,
    "pEy2": -0.6386473605395638,
    "pEy3": 0.12912892635178766,
    "pEy4": -12.91520436873018,
    "pEy5": 34.509498674167304,
    "pEy6": 4.305006108234509,
    "pEy7": 4.043971037386498,
    "pKy1": 31.467023205427815,
    "pKy2": 1.1147598588514065,
    "pKy3": -1.1472969724406292,
    "pKy4": 1.9266454165067615,
    "pKy5": 73.26741329196791,
    "pKy6": -4.999999999999999,
    "pKy7": -0.6122102259333707,
    "pKy8": 6.048473348460119,
    "pKy9": -0.4379138782952827,
    "pPy1": 0,
    "pPy2": 0,
    "pPy3": 0,
    "pPy4": 0,
    "pPy5": 0.0,
    "pHy1": -0.0009751081397652132,
    "pHy2": 1.7002063181891005e-05,
    "pVy1": 0.04511749924250533,
    "pVy2": 0.008925072398246867,
    "pVy3": 0.2523539919366267,
    "pVy4": -0.3217718633169715
}