{
    "P0": 83,
    "FZ0": -445,
    "pCy1": 1.3760649323554672,
    "pDy1": -2.8726592221016114,
    "pDy2": 0.4461696203339992,
    "pDy3": 19.419311324717345,
    "pDy4": -0.33903256180939345,
    "pDy5": 0.11369971752998471,
    "pEy1": 0.040946864446914207,
    "pEy2": -2.156367305371239,
    "pEy3": 0.03473586577047479,
    "pEy4": -3.3548483081102423,
    "pEy5": -69.65306688887479,
    "pEy6": -1.4149183697894951,
    "pEy7": 0.7698347931043251,
    "pKy1": 57.64687323210698,
    "pKy2": 1.7036647684058381,
    "pKy3": -3.8482572673882562,
    "pKy4": 1.8169112889197165,
    "pKy5": 279.533425072195,
    "pKy6": -3.323957645154352,
    "pKy7": -4.708716839188209,
    "pKy8": 3.7519141794157114,
    "pKy9": -0.9282480954935763,
    "pPy1": 0,
    "pPy2": 0,
    "pPy3": 0,
    "pPy4": 0,
    "pPy5": 0.0,
    "pHy1": -0.003179929549711846,
    "pHy2": 0.0012767820898932666,
    "pVy1": 0.0673246205659042,
    "pVy2": -0.00044518884672744115,
    "pVy3": 0.7999999999999999,
    "pVy4": -0.7980162615987033
}