{
    "P0": 83,
    "FZ0": -667,
    "pCy1": 1.5674282333162364,
    "pDy1": -2.7006525154278207,
    "pDy2": 0.28692559358808717,
    "pDy3": 16.921180845562045,
    "pDy4": -0.07595696993738747,
    "pDy5": -0.24005398694496619,
    "pEy1": -0.17875880474614048,
    "pEy2": -1.2172538608475845,
    "pEy3": 0.3714349758589115,
    "pEy4": 1.577546377623109,
    "pEy5": -51.2073828258124,
    "pEy6": 1.3001350039106976,
    "pEy7": 3.0085537761935415,
    "pKy1": 40.82617658435075,
    "pKy2": 1.169958948675676,
    "pKy3": -0.021505077013050038,
    "pKy4": 1.9894882622306678,
    "pKy5": 47.880133685722804,
    "pKy6": -4.999999999999999,
    "pKy7": -1.3818280358687645,
    "pKy8": 2.6190567001415235,
    "pKy9": 0.7323496554476329,
    "pPy1": 0,
    "pPy2": 0,
    "pPy3": 0,
    "pPy4": 0,
    "pPy5": 0.0,
    "pHy1": -0.0009142652284953546,
    "pHy2": 0.00010930256015042351,
    "pVy1": 0.017760557130539444,
    "pVy2": 0.010999999999999998,
    "pVy3": -0.7999999999999999,
    "pVy4": 0.7999999999999999
}