{
    "P0": 83,
    "FZ0": -222,
    "pCy1": 1.000000000095548,
    "pDy1": -2.7813140201621716,
    "pDy2": 0.5310375854140489,
    "pDy3": 19.024545913619963,
    "pDy4": -0.18459887218604235,
    "pDy5": 0.023688310128784883,
    "pEy1": -0.29312569878882355,
    "pEy2": -1.169800741103716,
    "pEy3": -0.2742864433279615,
    "pEy4": -11.569697071373422,
    "pEy5": -35.44360677284319,
    "pEy6": 3.5371729473759896,
    "pEy7": 3.3573969010218403,
    "pKy1": 53.584444778524386,
    "pKy2": 2.6780664974298376,
    "pKy3": 7.62101132149161,
    "pKy4": 4.547122829880287,
    "pKy5": 146.7676213954808,
    "pKy6": -1.8789341487237579,
    "pKy7": -0.5020811383715436,
    "pKy8": -7.159212527830198,
    "pKy9": 1.4808391678434796,
    "pPy1": 0,
    "pPy2": 0,
    "pPy3": 0,
    "pPy4": 0,
    "pPy5": 0.0,
    "pHy1": -0.0003770097535850119,
    "pHy2": -0.0013516048843998164,
    "pVy1": 0.011895254261539596,
    "pVy2": 0.003770340043693335,
    "pVy3": 0.34697997639388767,
    "pVy4": -0.6085971746674853
}