{
    "P0": 83,
    "FZ0": -667,
    "pCy1": 1.5478032918824265,
    "pDy1": -2.711525028982236,
    "pDy2": 0.29905891423280834,
    "pDy3": 15.576080256295828,
    "pDy4": -0.36217611996866433,
    "pDy5": 0.3249873523782321,
    "pEy1": 0.35180474177197246,
    "pEy2": -1.5071672406859686,
    "pEy3": 0.12382073251558709,
    "pEy4": -1.6420930172639858,
    "pEy5": 130.0953329756674,
    "pEy6": 0.1624620737097507,
    "pEy7": 1.8274726113434432,
    "pKy1": 47.61049735795244,
    "pKy2": 1.3600104871980312,
    "pKy3": -4.532949140184248,
    "pKy4": 1.9306552535347168,
    "pKy5": 287.37745878431156,
    "pKy6": -4.857688806413117,
    "pKy7": -2.904277728262464,
    "pKy8": 5.3533051393575555,
    "pKy9": -3.079806659256751,
    "pPy1": 0,
    "pPy2": 0,
    "pPy3": 0,
    "pPy4": 0,
    "pPy5": 0.0,
    "pHy1": -0.0034359266705419863,
    "pHy2": 0.0015979014679228833,
    "pVy1": 0.06903640938390739,
    "pVy2": 0.0013242490441552717,
    "pVy3": 0.5107681391438612,
    "pVy4": -0.7999999999999999
}