{
    "P0": 83,
    "FZ0": -667,
    "pCy1": 1.3556845478854092,
    "pDy1": -2.4819834963529868,
    "pDy2": 0.27015607441224737,
    "pDy3": 16.75937673955997,
    "pDy4": -0.21122539906185847,
    "pDy5": 0.13999638129521047,
    "pEy1": 0.06175652131591378,
    "pEy2": -2.9423194042756498,
    "pEy3": -0.002064477859366406,
    "pEy4": -0.3035475556756652,
    "pEy5": -75.26269062350742,
    "pEy6": -1.9600085101157116,
    "pEy7": 0.3045479386310274,
    "pKy1": 42.12016425069249,
    "pKy2": 1.4352025117045297,
    "pKy3": -2.5699446542232853,
    "pKy4": 1.925302893805141,
    "pKy5": 163.10487686399674,
    "pKy6": -3.4920816975205065,
    "pKy7": -2.8990022671218805,
    "pKy8": 2.2942081656742306,
    "pKy9": 0.6983428965180498,
    "pPy1": 0,
    "pPy2": 0,
    "pPy3": 0,
    "pPy4": 0,
    "pPy5": 0.0,
    "pHy1": 0.00014408126013980822,
    "pHy2": 0.0007008981487391609,
    "pVy1": 0.020669789946519038,
    "pVy2": 0.010999999999999998,
    "pVy3": 0.2213431584466534,
    "pVy4": 0.3174404829727511
}