{
    "P0": 83,
    "FZ0": -222,
    "pCy1": 1.0000000799634539,
    "pDy1": -3.021220118185266,
    "pDy2": 0.6166901349217438,
    "pDy3": 42.86634042991809,
    "pDy4": -0.24536884096091766,
    "pDy5": 0.09288963040066438,
    "pEy1": -1.6514043989889655,
    "pEy2": 2.6348679662263996,
    "pEy3": -2.8531301104585824,
    "pEy4": -18.136690852822554,
    "pEy5": -62.824567462821946,
    "pEy6": 2.966023478623387,
    "pEy7": 5.0530693746446165,
    "pKy1": 62.010848556749984,
    "pKy2": 2.72911204291103,
    "pKy3": 33.32036485729785,
    "pKy4": 3.283526136835258,
    "pKy5": 210.60734063839732,
    "pKy6": -3.565599618842541,
    "pKy7": -0.9493057920251152,
    "pKy8": -3.958098668404968,
    "pKy9": 1.2223702392130664,
    "pPy1": 0,
    "pPy2": 0,
    "pPy3": 0,
    "pPy4": 0,
    "pPy5": 0.0,
    "pHy1": -0.002678869439043448,
    "pHy2": -0.0017044683903473937,
    "pVy1": 0.02735646984860122,
    "pVy2": 0.003890743888870306,
    "pVy3": -0.4063349587554105,
    "pVy4": -0.7412894975148446
}