{
    "P0": 83,
    "FZ0": -445,
    "pCy1": 1.2360509803954831,
    "pDy1": -2.889060064360226,
    "pDy2": 0.27366258007970423,
    "pDy3": 16.19301112043238,
    "pDy4": -0.14371064711811493,
    "pDy5": 0.08995726236202359,
    "pEy1": -1.4323102178857305,
    "pEy2": -0.25158462964820294,
    "pEy3": -0.16700245359595847,
    "pEy4": -6.345098160795734,
    "pEy5": 7.554115428273218,
    "pEy6": 0.5353200775053297,
    "pEy7": 0.11408564779460724,
    "pKy1": 53.80851045769336,
    "pKy2": 1.5504699995301132,
    "pKy3": -2.565530692247996,
    "pKy4": 1.7598653525886643,
    "pKy5": 115.44550322265607,
    "pKy6": -3.929670698707816,
    "pKy7": -3.74642918886559,
    "pKy8": 2.929356895515119,
    "pKy9": -0.45956452471100134,
    "pPy1": 0,
    "pPy2": 0,
    "pPy3": 0,
    "pPy4": 0,
    "pPy5": 0.0,
    "pHy1": -0.0021952588518304233,
    "pHy2": 0.0004663405565092522,
    "pVy1": 0.05078282468051588,
    "pVy2": -0.010999999999999998,
    "pVy3": -0.7999999998732471,
    "pVy4": 0.7135767535423122
}