{
    "P0": 83,
    "FZ0": -890,
    "pCy1": 1.7260892921184197,
    "pDy1": -2.5620980704591125,
    "pDy2": 0.24210757505914648,
    "pDy3": 17.004966652316487,
    "pDy4": -0.0961196525661527,
    "pDy5": 0.126314844474695,
    "pEy1": 0.21006782798924503,
    "pEy2": -0.1972633731724707,
    "pEy3": 0.5195138205303711,
    "pEy4": 12.065506060693345,
    "pEy5": -99.99999999999999,
    "pEy6": 4.2739883896745825,
    "pEy7": 6.157381053578403,
    "pKy1": 38.83137720430253,
    "pKy2": 1.20245139749894,
    "pKy3": -0.3575798030768377,
    "pKy4": 1.9482070694202207,
    "pKy5": 71.99702162640192,
    "pKy6": -4.999999999999999,
    "pKy7": -0.6756940951392036,
    "pKy8": -1.4286589990430671,
    "pKy9": -6.3717336993754214,
    "pPy1": 0,
    "pPy2": 0,
    "pPy3": 0,
    "pPy4": 0,
    "pPy5": 0.0,
    "pHy1": -0.0009782203958182295,
    "pHy2": 0.0006570990377156188,
    "pVy1": 0.04762381098224637,
    "pVy2": 0.009,
    "pVy3": -0.44264756020696255,
    "pVy4": -0.468986438885071
}