{
    "P0": 83,
    "FZ0": -445,
    "pCy1": 1.460072889180838,
    "pDy1": -2.734304610595747,
    "pDy2": 0.04769936427567417,
    "pDy3": 26.476348953472808,
    "pDy4": -0.15311642415635818,
    "pDy5": 0.10866587517539855,
    "pEy1": -0.4966092333769104,
    "pEy2": -0.970148861818005,
    "pEy3": -1.3944067260507014,
    "pEy4": 7.774861978247403,
    "pEy5": -98.6462340174907,
    "pEy6": -0.16517746251755105,
    "pEy7": 0.15592409126263737,
    "pKy1": 53.404590573764494,
    "pKy2": 1.9118620683653897,
    "pKy3": -6.575348101885953,
    "pKy4": 1.9328880010479492,
    "pKy5": 228.1464954265161,
    "pKy6": -3.9429747506563695,
    "pKy7": -6.469912926283758,
    "pKy8": 4.000277160609631,
    "pKy9": -0.6317135792849825,
    "pPy1": 0,
    "pPy2": 0,
    "pPy3": 0,
    "pPy4": 0,
    "pPy5": 0.0,
    "pHy1": 0.0023927688582934628,
    "pHy2": 0.003082923804644087,
    "pVy1": -0.09001442018382728,
    "pVy2": -0.010999999999999998,
    "pVy3": 0.7999999999999999,
    "pVy4": 0.6037357193016585
}