{
    "P0": 83,
    "FZ0": -1112,
    "pCy1": 1.3211982030936704,
    "pDy1": -2.4944053399337287,
    "pDy2": 0.6767663334089844,
    "pDy3": 16.050095830135692,
    "pDy4": 0.6520464316937048,
    "pDy5": 0.39999999999999997,
    "pEy1": -1.4091020927485416,
    "pEy2": 5.358226174681691,
    "pEy3": -0.128061715441828,
    "pEy4": -14.169923203052587,
    "pEy5": 75.92685848094258,
    "pEy6": 19.946107297154335,
    "pEy7": 13.999998083963808,
    "pKy1": 23.31710298125214,
    "pKy2": 0.6743067648701107,
    "pKy3": 0.5472944070842541,
    "pKy4": 2.032719247672723,
    "pKy5": 21.284980264035102,
    "pKy6": -4.343041510099472,
    "pKy7": 9.999999999978888,
    "pKy8": 15.217987933116063,
    "pKy9": -2.3215567552820224,
    "pPy1": 0,
    "pPy2": 0,
    "pPy3": 0,
    "pPy4": 0,
    "pPy5": 0.0,
    "pHy1": 5.4782977582231214e-05,
    "pHy2": 0.002281328947738756,
    "pVy1": 0.021929899331456348,
    "pVy2": 0.010999999999999998,
    "pVy3": -0.7999999999999915,
    "pVy4": 0.7999999999999101
}