{
    "P0": 83,
    "FZ0": -445,
    "pCy1": 1.2453983989636377,
    "pDy1": -2.531011033016167,
    "pDy2": 0.33068477588695805,
    "pDy3": 14.687544340394386,
    "pDy4": -0.14423071793611708,
    "pDy5": 0.03506039099737949,
    "pEy1": -1.0793186522376752,
    "pEy2": -3.7606069615121434,
    "pEy3": -0.025782459202133724,
    "pEy4": -2.367324400165082,
    "pEy5": -99.99914450700449,
    "pEy6": -1.2694411702683648,
    "pEy7": 1.3629174970398799,
    "pKy1": 45.86320217979711,
    "pKy2": 1.6437421934980683,
    "pKy3": -4.778125702624665,
    "pKy4": 1.7816797829125792,
    "pKy5": 171.878851722122,
    "pKy6": -3.293109530877747,
    "pKy7": -3.726641164651142,
    "pKy8": 1.9692357930090258,
    "pKy9": -0.10222496286712486,
    "pPy1": 0,
    "pPy2": 0,
    "pPy3": 0,
    "pPy4": 0,
    "pPy5": 0.0,
    "pHy1": -0.0007117812383011001,
    "pHy2": 0.0006674993227336247,
    "pVy1": 0.04384864625809137,
    "pVy2": -0.001087402457442142,
    "pVy3": 0.07217452733923646,
    "pVy4": 0.13308271704726263
}