{
    "P0": 83,
    "FZ0": -445,
    "pCy1": 1.0000000139840082,
    "pDy1": -2.738014005513162,
    "pDy2": 1.1367288836747815,
    "pDy3": 10.673854793898652,
    "pDy4": -0.9999999999813359,
    "pDy5": 0.3133809502345773,
    "pEy1": 0.3043865596354123,
    "pEy2": -3.918743510438589,
    "pEy3": -0.005733707162107886,
    "pEy4": 0.09368584491507642,
    "pEy5": -53.72510829056675,
    "pEy6": -3.4941221770324717,
    "pEy7": 0.8608457553956536,
    "pKy1": 42.665296533986094,
    "pKy2": 1.7285730829573194,
    "pKy3": -2.1611691894017437,
    "pKy4": 1.852433109269408,
    "pKy5": 125.98915632886515,
    "pKy6": -2.009727607293308,
    "pKy7": -1.6391178111734641,
    "pKy8": 0.48137266401947215,
    "pKy9": 0.22589370448371116,
    "pPy1": 0,
    "pPy2": 0,
    "pPy3": 0,
    "pPy4": 0,
    "pPy5": 0.0,
    "pHy1": 0.00029064480417927743,
    "pHy2": -7.901365393970665e-05,
    "pVy1": 0.01881059744423074,
    "pVy2": 0.008999999999999888,
    "pVy3": 0.7999717659412702,
    "pVy4": 0.2702867414877204
}