{
    "P0": 83,
    "FZ0": -890,
    "pCy1": 1.375234517409088,
    "pDy1": -2.6225909540069945,
    "pDy2": 0.14119470976181028,
    "pDy3": 17.19526546719713,
    "pDy4": -0.646561093218267,
    "pDy5": -0.5999999999999998,
    "pEy1": -0.9087521094752277,
    "pEy2": 1.2946361715921388,
    "pEy3": 0.29215856914663213,
    "pEy4": -7.064027110628389,
    "pEy5": 71.76162005542919,
    "pEy6": 8.668678203989769,
    "pEy7": 7.348361129828431,
    "pKy1": 30.61259764284987,
    "pKy2": 0.8946082391413865,
    "pKy3": 0.6202562909562073,
    "pKy4": 2.0196376030516134,
    "pKy5": 29.300105191862766,
    "pKy6": -4.9999999999999964,
    "pKy7": 2.954787193241463,
    "pKy8": 10.269346491672323,
    "pKy9": 3.0734345826038174,
    "pPy1": 0,
    "pPy2": 0,
    "pPy3": 0,
    "pPy4": 0,
    "pPy5": 0.0,
    "pHy1": -0.0009454537168256899,
    "pHy2": 3.459693923541458e-05,
    "pVy1": 0.02655499639232494,
    "pVy2": 0.010999999999999998,
    "pVy3": -0.7049265443433894,
    "pVy4": 0.7999999999999999
}