{
    "P0": 83,
    "FZ0": -445,
    "pCy1": 1.417356590520824,
    "pDy1": -3.0084891999507914,
    "pDy2": 0.37225815124607864,
    "pDy3": 22.69874825542105,
    "pDy4": -0.13243725507817086,
    "pDy5": 0.046356016149355785,
    "pEy1": 0.05098072457455492,
    "pEy2": -1.3069968161310543,
    "pEy3": -0.09308547612616781,
    "pEy4": -2.7010391829873206,
    "pEy5": -86.86857607691624,
    "pEy6": -3.2635468367686373,
    "pEy7": 2.207361179690534,
    "pKy1": 53.521486173790166,
    "pKy2": 1.6566644703304862,
    "pKy3": -3.5162124069495944,
    "pKy4": 1.8274777006148781,
    "pKy5": 288.030721440458,
    "pKy6": -2.707002259509869,
    "pKy7": -5.6548161673655155,
    "pKy8": 2.6066097761207345,
    "pKy9": 0.1787377996025984,
    "pPy1": 0,
    "pPy2": 0,
    "pPy3": 0,
    "pPy4": 0,
    "pPy5": 0.0,
    "pHy1": -0.002922597347407385,
    "pHy2": 0.0014008816649602825,
    "pVy1": 0.020653726016083153,
    "pVy2": 0.009495822536221806,
    "pVy3": -0.6083099517832222,
    "pVy4": -0.7999981972586986
}