{
    "P0": 83,
    "FZ0": -445,
    "pCy1": 1.2094966801362055,
    "pDy1": -2.742540249659727,
    "pDy2": 0.8467931746083772,
    "pDy3": 15.314235960836946,
    "pDy4": -0.9999999999999947,
    "pDy5": 0.3849277632080923,
    "pEy1": -0.06453241491622033,
    "pEy2": -3.564516105040554,
    "pEy3": -0.04192567979788081,
    "pEy4": -2.594205189583629,
    "pEy5": -99.64120369370674,
    "pEy6": -1.744316720274493,
    "pEy7": 0.9988627989679848,
    "pKy1": 48.16898775648518,
    "pKy2": 1.7528597430425878,
    "pKy3": -3.6731633225813574,
    "pKy4": 1.838491780499121,
    "pKy5": 169.28939006167252,
    "pKy6": -1.8247643291404054,
    "pKy7": -3.5416572566936955,
    "pKy8": 1.5085630686722207,
    "pKy9": -0.11447309446700885,
    "pPy1": 0,
    "pPy2": 0,
    "pPy3": 0,
    "pPy4": 0,
    "pPy5": 0.0,
    "pHy1": -0.002042606584139044,
    "pHy2": 9.262893756064163e-05,
    "pVy1": 0.052214191805459303,
    "pVy2": -0.0028824135922443667,
    "pVy3": 0.7999999754024215,
    "pVy4": -0.6877833435384413
}