{
    "P0": 83,
    "FZ0": -222,
    "pCy1": 1.4491620076412435,
    "pDy1": -2.843408384116315,
    "pDy2": 0.06433602224203067,
    "pDy3": 62.64383589015836,
    "pDy4": -0.026532463069912443,
    "pDy5": -0.003301890459713564,
    "pEy1": -0.07130586039222962,
    "pEy2": -4.388319941858655,
    "pEy3": -5.110618939875257,
    "pEy4": -38.940727817698594,
    "pEy5": -56.77927782472812,
    "pEy6": -5.020676199799072,
    "pEy7": -1.78061881350619,
    "pKy1": 69.34507572809584,
    "pKy2": 2.845549078157117,
    "pKy3": 11.206408584260725,
    "pKy4": 6.126700063274014,
    "pKy5": -123.00583295682456,
    "pKy6": 1.9678550794546505,
    "pKy7": 1.1984356533636684,
    "pKy8": 25.40878641737245,
    "pKy9": 3.2028482049795777,
    "pPy1": 0,
    "pPy2": 0,
    "pPy3": 0,
    "pPy4": 0,
    "pPy5": 0.0,
    "pHy1": -0.0013955838352674435,
    "pHy2": -0.0009058669917595184,
    "pVy1": 0.027691286307999788,
    "pVy2": 0.010999968854613434,
    "pVy3": -0.7995043899529711,
    "pVy4": -0.26014241699331103
}