{
    "P0": 83,
    "FZ0": -667,
    "pCy1": 1.8678544480678805,
    "pDy1": -2.631318176444445,
    "pDy2": 0.17679952446847558,
    "pDy3": 17.501648845277803,
    "pDy4": -0.17834459040395712,
    "pDy5": 0.27852713930079703,
    "pEy1": 0.3995660756317074,
    "pEy2": -1.06145306970535,
    "pEy3": 0.4304679883566306,
    "pEy4": 6.930323711413852,
    "pEy5": -36.91296822101487,
    "pEy6": 0.7419094654248333,
    "pEy7": 1.9189074083017468,
    "pKy1": 45.35354494194146,
    "pKy2": 1.3647785984021055,
    "pKy3": -3.5673935933992,
    "pKy4": 1.9153342380335618,
    "pKy5": 184.2497763690221,
    "pKy6": -4.9999999140024,
    "pKy7": -3.596585069617076,
    "pKy8": 2.5443137727877465,
    "pKy9": 0.955013857217238,
    "pPy1": 0,
    "pPy2": 0,
    "pPy3": 0,
    "pPy4": 0,
    "pPy5": 0.0,
    "pHy1": -0.0009555728456092218,
    "pHy2": 0.001263485932290471,
    "pVy1": 0.04769770095370803,
    "pVy2": 0.010398419124810534,
    "pVy3": -0.4577107340817193,
    "pVy4": 0.42750453904361246
}