{
    "P0": 83,
    "FZ0": -445,
    "pCy1": 1.0235211586462483,
    "pDy1": -2.6497530866435857,
    "pDy2": 0.6810569848148507,
    "pDy3": 15.62285965512013,
    "pDy4": -0.6938351597940001,
    "pDy5": 0.25062138237008225,
    "pEy1": -0.23013294459194028,
    "pEy2": -3.7865809257387717,
    "pEy3": 0.004838600120956412,
    "pEy4": 0.2500291362334558,
    "pEy5": -84.8750107512827,
    "pEy6": -2.7276540906246596,
    "pEy7": 0.026927700443981024,
    "pKy1": 48.75919548216453,
    "pKy2": 1.6526644536300088,
    "pKy3": -2.2233241083814574,
    "pKy4": 1.8228162185585945,
    "pKy5": 131.75393327152216,
    "pKy6": -2.245589704053811,
    "pKy7": -2.0701174678301735,
    "pKy8": 0.29676990404040915,
    "pKy9": 0.48336695412449726,
    "pPy1": 0,
    "pPy2": 0,
    "pPy3": 0,
    "pPy4": 0,
    "pPy5": 0.0,
    "pHy1": 0.00020883215033419466,
    "pHy2": -6.737459285199095e-05,
    "pVy1": 0.02014490857758845,
    "pVy2": 0.009,
    "pVy3": -0.10514280955917733,
    "pVy4": 0.48340995304133655
}