{
    "P0": 83,
    "FZ0": -222,
    "pCy1": 1.6656500359064126,
    "pDy1": -2.9089444446457695,
    "pDy2": -1.2544794083962048,
    "pDy3": 48.00630354729925,
    "pDy4": -1.4822386595314003,
    "pDy5": -0.4000080597185855,
    "pEy1": -0.19316483501653178,
    "pEy2": 5.425331348935269,
    "pEy3": 0.1618759797074096,
    "pEy4": 32.76108974195171,
    "pEy5": 349.9311297156229,
    "pEy6": 12.847031088989384,
    "pEy7": 10.805870680870994,
    "pKy1": 53.6251004684326,
    "pKy2": 3.721355267553711,
    "pKy3": 12.985175388068516,
    "pKy4": 9.459518074065588,
    "pKy5": 145.50155790492641,
    "pKy6": 1.9968527500408857,
    "pKy7": 7.986448822232232,
    "pKy8": 1.2170257110184874,
    "pKy9": -0.34393257333943755,
    "pPy1": 0,
    "pPy2": 0,
    "pPy3": 0,
    "pPy4": 0,
    "pPy5": 0.0,
    "pHy1": -0.006548601197390015,
    "pHy2": 0.0005798454335139929,
    "pVy1": 0.05820172937979415,
    "pVy2": 0.008999999999999958,
    "pVy3": -0.7653553822132957,
    "pVy4": -0.7995286363111809
}