{
    "P0": 83,
    "FZ0": -222,
    "pCy1": 1.000000000006092,
    "pDy1": -2.7244772195759603,
    "pDy2": 0.30342763894028607,
    "pDy3": 2.251940061673533,
    "pDy4": -0.10069294635214192,
    "pDy5": 0.08165080225729605,
    "pEy1": 0.5745687082888088,
    "pEy2": -4.058848211071715,
    "pEy3": -0.027640497570779278,
    "pEy4": -0.008668957624302389,
    "pEy5": 2.105280001970136,
    "pEy6": -0.6071645294012009,
    "pEy7": -6.635885085506482,
    "pKy1": 59.156777350005925,
    "pKy2": 2.455144385102499,
    "pKy3": -9.231286103043521,
    "pKy4": 3.042081563949746,
    "pKy5": 7.870299196933114,
    "pKy6": -0.06357168955120665,
    "pKy7": -0.1327022013949872,
    "pKy8": -0.3305914645884963,
    "pKy9": 0.10189331479328324,
    "pPy1": 0,
    "pPy2": 0,
    "pPy3": 0,
    "pPy4": 0,
    "pPy5": 0.0,
    "pHy1": -0.00041391388996506634,
    "pHy2": 0.0004429621694426343,
    "pVy1": 0.017077270613219758,
    "pVy2": 0.005804023096321449,
    "pVy3": -0.0006836701500304754,
    "pVy4": 0.0075912199041378884
}