{
    "P0": 83,
    "FZ0": -890,
    "pCy1": 1.7886882656059644,
    "pDy1": -2.6989727711904803,
    "pDy2": 0.46870216374892737,
    "pDy3": 10.91344913689341,
    "pDy4": 0.1242862138999434,
    "pDy5": 0.8999999999913354,
    "pEy1": 0.3372287755468944,
    "pEy2": -0.5266262966642321,
    "pEy3": 0.011856991937216461,
    "pEy4": 0.34677614039913107,
    "pEy5": 78.15328726836977,
    "pEy6": 4.796629808564998,
    "pEy7": 4.931142883325152,
    "pKy1": 34.78503793739413,
    "pKy2": 1.0226286390804673,
    "pKy3": -0.15043485036476698,
    "pKy4": 2.004592734940849,
    "pKy5": 132.339257737069,
    "pKy6": -4.999999999999999,
    "pKy7": 1.2094670660983373,
    "pKy8": 6.477412094135683,
    "pKy9": -6.191624570474951,
    "pPy1": 0,
    "pPy2": 0,
    "pPy3": 0,
    "pPy4": 0,
    "pPy5": 0.0,
    "pHy1": -0.0024633272137262545,
    "pHy2": 0.0010851204201009065,
    "pVy1": 0.028813478141331533,
    "pVy2": 0.010999999999999998,
    "pVy3": -0.7999999999999999,
    "pVy4": -0.5747495935222683
}