{
    "P0": 83,
    "FZ0": -222,
    "pCy1": 1.3617025368337157,
    "pDy1": -3.139505028358237,
    "pDy2": 0.15381841019932288,
    "pDy3": 24.312552023776888,
    "pDy4": -0.022639908786447685,
    "pDy5": 0.006977516800095669,
    "pEy1": 0.7583248666097518,
    "pEy2": 1.8628127855287377,
    "pEy3": 0.7707866306736898,
    "pEy4": 5.742510659195999,
    "pEy5": -24.321692660663203,
    "pEy6": -0.05590084448487131,
    "pEy7": 3.364602239764803,
    "pKy1": 76.83673957244521,
    "pKy2": 2.8318502435407966,
    "pKy3": 22.076598143396815,
    "pKy4": 4.563844435424168,
    "pKy5": 118.53629061695642,
    "pKy6": -0.37200910718998287,
    "pKy7": -0.21958945058243903,
    "pKy8": 4.781257827634131,
    "pKy9": 1.2097389857772571,
    "pPy1": 0,
    "pPy2": 0,
    "pPy3": 0,
    "pPy4": 0,
    "pPy5": 0.0,
    "pHy1": -0.002759580605670258,
    "pHy2": 0.0018144708889252929,
    "pVy1": -0.004182049513874462,
    "pVy2": 0.010584959034359095,
    "pVy3": -0.7910834566222212,
    "pVy4": -0.20837163955062238
}