{
    "P0": 83,
    "FZ0": -890,
    "pCy1": 1.4132630058652014,
    "pDy1": -2.3274718578263487,
    "pDy2": 0.3030947315237911,
    "pDy3": 7.599375406145667,
    "pDy4": 0.5294989148135991,
    "pDy5": 0.8999999790655976,
    "pEy1": 0.14909468327536757,
    "pEy2": -2.5713889708303466,
    "pEy3": -0.0024753730295026997,
    "pEy4": 1.2402934061557946,
    "pEy5": -7.662875665308939,
    "pEy6": -2.8917234445612934,
    "pEy7": -1.359388512675121,
    "pKy1": 32.34692668231577,
    "pKy2": 1.2853745857489611,
    "pKy3": -1.2310048399717675,
    "pKy4": 1.9697921178228703,
    "pKy5": 97.64019193203407,
    "pKy6": -3.7647553685485637,
    "pKy7": -1.2596002981878904,
    "pKy8": 3.7563127592809686,
    "pKy9": 0.6830956422062333,
    "pPy1": 0,
    "pPy2": 0,
    "pPy3": 0,
    "pPy4": 0,
    "pPy5": 0.0,
    "pHy1": 0.0002163111431404737,
    "pHy2": 6.485990627698728e-05,
    "pVy1": 0.024495228903515798,
    "pVy2": 0.010999999999999998,
    "pVy3": 0.7999999999859783,
    "pVy4": 0.7999999999948288
}