{
    "P0": 83,
    "FZ0": -222,
    "pCy1": 1.0102170767799015,
    "pDy1": -3.258571306630266,
    "pDy2": 0.0926922258840723,
    "pDy3": 1.5934425453779444,
    "pDy4": -0.09323457007767832,
    "pDy5": 0.1000042280168809,
    "pEy1": -0.677974605539282,
    "pEy2": -0.07493928621166966,
    "pEy3": -2.2641516457295334,
    "pEy4": -0.07175931112465632,
    "pEy5": -0.05209135295851842,
    "pEy6": 1.370709992861171,
    "pEy7": 5.542459758649538,
    "pKy1": 79.7830258184155,
    "pKy2": 3.534387990169727,
    "pKy3": 7.321556344290898,
    "pKy4": 5.792149732909267,
    "pKy5": 3.1085644339378313,
    "pKy6": -0.3750571511949517,
    "pKy7": -1.009878613810475,
    "pKy8": -8.225031454065826,
    "pKy9": 3.018072061837407,
    "pPy1": 0,
    "pPy2": 0,
    "pPy3": 0,
    "pPy4": 0,
    "pPy5": 0.0,
    "pHy1": -0.00404164795025612,
    "pHy2": 0.0027549303425719643,
    "pVy1": -0.10077274989511947,
    "pVy2": -0.01088589504930811,
    "pVy3": 0.005473231731553623,
    "pVy4": -0.0367174636566319
}