{
    "P0": 83,
    "FZ0": -890,
    "pCy1": 1.1551559317930726,
    "pDy1": -2.5812347918066862,
    "pDy2": 0.10144416917447799,
    "pDy3": 14.193349174897856,
    "pDy4": 0.37701744047654495,
    "pDy5": 0.8999999973443711,
    "pEy1": -0.5451426051247721,
    "pEy2": -0.893077829408479,
    "pEy3": -0.3956295444998577,
    "pEy4": -7.259505421632095,
    "pEy5": 45.70718899604991,
    "pEy6": 3.961970427273214,
    "pEy7": 6.994059047581291,
    "pKy1": 35.83022304222114,
    "pKy2": 1.2298141818604624,
    "pKy3": -0.7524570751117557,
    "pKy4": 1.8765603441191412,
    "pKy5": 80.38365762153616,
    "pKy6": -4.157976880779789,
    "pKy7": -2.518396718340802,
    "pKy8": 7.3542382795862045,
    "pKy9": 6.319210230421389,
    "pPy1": 0,
    "pPy2": 0,
    "pPy3": 0,
    "pPy4": 0,
    "pPy5": 0.0,
    "pHy1": -0.001938115601220522,
    "pHy2": 0.0004370265123382061,
    "pVy1": 0.03345943048076118,
    "pVy2": -0.010999999999999998,
    "pVy3": 0.2901663173919092,
    "pVy4": -0.7999999999999999
}