{
    "P0": 83,
    "FZ0": -667,
    "pCy1": 1.6059942160478233,
    "pDy1": -2.8221874984820476,
    "pDy2": 0.3690599560467562,
    "pDy3": 15.163104688801637,
    "pDy4": -0.1607590875733802,
    "pDy5": 0.34175416783282625,
    "pEy1": 0.23466300629032041,
    "pEy2": -1.713219533925525,
    "pEy3": 0.11452280087779092,
    "pEy4": 0.026562890017613926,
    "pEy5": 124.17969265031688,
    "pEy6": 0.45272741517816695,
    "pEy7": 2.220735726935246,
    "pKy1": 42.24755104078837,
    "pKy2": 1.2823936040086805,
    "pKy3": -1.3211156118069982,
    "pKy4": 1.9553349566501348,
    "pKy5": 167.3652778988221,
    "pKy6": -4.9865439683164485,
    "pKy7": -2.452933817676787,
    "pKy8": 6.986020874369069,
    "pKy9": -3.6490924477259536,
    "pPy1": 0,
    "pPy2": 0,
    "pPy3": 0,
    "pPy4": 0,
    "pPy5": 0.0,
    "pHy1": -0.0023655828979021556,
    "pHy2": 0.0019608133171429534,
    "pVy1": 0.026890343131311223,
    "pVy2": 0.010999999999999998,
    "pVy3": -0.7999999999999999,
    "pVy4": -0.6698859876601709
}