{
    "P0": 83,
    "FZ0": -1112,
    "pCy1": 1.2608396370588493,
    "pDy1": -2.388264603225045,
    "pDy2": 1.4226742327077395,
    "pDy3": 7.851160989719029,
    "pDy4": 1.2163475106718187,
    "pDy5": 0.3999999999999984,
    "pEy1": 0.045587004625000385,
    "pEy2": 2.569758381275689,
    "pEy3": 0.13944754113229477,
    "pEy4": 0.6538628285290128,
    "pEy5": 166.67940096756365,
    "pEy6": 9.42750357282168,
    "pEy7": 7.696472317989994,
    "pKy1": 26.766732378158103,
    "pKy2": 0.6529676290708829,
    "pKy3": 0.1547269558229451,
    "pKy4": 1.9617393360226647,
    "pKy5": 37.03096876029544,
    "pKy6": -4.666685502474583,
    "pKy7": 2.5445874547521363,
    "pKy8": -0.9259253642337721,
    "pKy9": -9.999999999999998,
    "pPy1": 0,
    "pPy2": 0,
    "pPy3": 0,
    "pPy4": 0,
    "pPy5": 0.0,
    "pHy1": -0.002252114085401059,
    "pHy2": -3.875307383904482e-05,
    "pVy1": 0.04301824773813991,
    "pVy2": -0.010999999999999998,
    "pVy3": 0.41657113067297413,
    "pVy4": 0.21630285544629893
}