{
    "P0": 83,
    "FZ0": -1112,
    "pCy1": 1.3930320118863724,
    "pDy1": -2.253179170678573,
    "pDy2": 0.3068903080071761,
    "pDy3": 13.15349750859078,
    "pDy4": 0.0834456928099111,
    "pDy5": 0.39999999989778295,
    "pEy1": -0.2346611252093411,
    "pEy2": 2.046644998840173,
    "pEy3": 0.13188017470101396,
    "pEy4": -30.654300557517097,
    "pEy5": 383.7261826814895,
    "pEy6": 7.106418753139562,
    "pEy7": 5.633808423640257,
    "pKy1": 26.6575034986898,
    "pKy2": 0.9797023243175877,
    "pKy3": -0.5600153953398721,
    "pKy4": 1.9281675350453928,
    "pKy5": 56.498945799076495,
    "pKy6": -4.88851157866359,
    "pKy7": 4.82469901322824,
    "pKy8": 17.373632653469425,
    "pKy9": 7.363001700032021,
    "pPy1": 0,
    "pPy2": 0,
    "pPy3": 0,
    "pPy4": 0,
    "pPy5": 0.0,
    "pHy1": -0.0009482173803839718,
    "pHy2": 7.193587626406345e-05,
    "pVy1": 0.046723177176289515,
    "pVy2": 0.008999999999999562,
    "pVy3": 0.28234195414326585,
    "pVy4": 0.5353976547874212
}