{
    "P0": 83,
    "FZ0": -890,
    "pCy1": 1.6320295935189035,
    "pDy1": -2.607312314849795,
    "pDy2": 0.28826406047493613,
    "pDy3": 10.165479421502905,
    "pDy4": -0.004402392096991671,
    "pDy5": 0.7799959272582229,
    "pEy1": 0.31622557518778266,
    "pEy2": -1.005085906543846,
    "pEy3": 0.06677364830066078,
    "pEy4": -0.31981445018074817,
    "pEy5": 122.59812068102977,
    "pEy6": 1.7766997252066496,
    "pEy7": 2.589785443855007,
    "pKy1": 41.06890697424993,
    "pKy2": 1.1958568717678808,
    "pKy3": -1.5779079319597247,
    "pKy4": 1.9865395913772739,
    "pKy5": 163.0902054527371,
    "pKy6": -4.999999999999551,
    "pKy7": 0.13027770459001173,
    "pKy8": 1.4101899581568316,
    "pKy9": -9.999999999994598,
    "pPy1": 0,
    "pPy2": 0,
    "pPy3": 0,
    "pPy4": 0,
    "pPy5": 0.0,
    "pHy1": -0.003479980703129184,
    "pHy2": 0.0009003335023760874,
    "pVy1": 0.07475427795127826,
    "pVy2": 0.008050892522737938,
    "pVy3": 0.13612560919551253,
    "pVy4": -0.7999999999999999
}