{
    "P0": 83,
    "FZ0": -667,
    "pCy1": 1.4234784712440338,
    "pDy1": -2.7377694602840528,
    "pDy2": 0.478243337323604,
    "pDy3": 12.484564896872856,
    "pDy4": -0.3269020279894635,
    "pDy5": -0.5831147416426105,
    "pEy1": -0.08132272690178749,
    "pEy2": -0.5639213899532842,
    "pEy3": 0.014548034742625776,
    "pEy4": 0.09693959735412244,
    "pEy5": -19.390244292729655,
    "pEy6": 1.124814682595385,
    "pEy7": 3.2689074821233954,
    "pKy1": 41.7911814642414,
    "pKy2": 1.2699173165369737,
    "pKy3": -0.475305067527669,
    "pKy4": 2.0865915887033397,
    "pKy5": 52.81893985020689,
    "pKy6": -4.999999999999999,
    "pKy7": -0.577169887969639,
    "pKy8": 4.471892265385822,
    "pKy9": -3.025970974167549,
    "pPy1": 0,
    "pPy2": 0,
    "pPy3": 0,
    "pPy4": 0,
    "pPy5": 0.0,
    "pHy1": -0.002237969448662854,
    "pHy2": -0.0005157961581450443,
    "pVy1": 0.050095794085229316,
    "pVy2": -0.010999999999999998,
    "pVy3": 0.0675724525185816,
    "pVy4": 0.09892844273497181
}