{
    "P0": 83,
    "FZ0": -890,
    "pCy1": 1.2778694462779767,
    "pDy1": -2.656142194185038,
    "pDy2": 0.14031710735328345,
    "pDy3": 9.853468675831941,
    "pDy4": -0.8753029495201741,
    "pDy5": -0.5666989675130025,
    "pEy1": -0.10467452424392605,
    "pEy2": 1.518300986980237,
    "pEy3": -0.02281127543310071,
    "pEy4": 1.427491176500144,
    "pEy5": -11.475434322643393,
    "pEy6": 5.765000068591876,
    "pEy7": 5.028476174994748,
    "pKy1": 32.76187287683587,
    "pKy2": 0.9715906441972626,
    "pKy3": -0.03250585652463802,
    "pKy4": 2.1367350831767613,
    "pKy5": 45.33133028572426,
    "pKy6": -4.999999883704449,
    "pKy7": 1.583809632639167,
    "pKy8": 3.1403334309284525,
    "pKy9": -7.255680185391287,
    "pPy1": 0,
    "pPy2": 0,
    "pPy3": 0,
    "pPy4": 0,
    "pPy5": 0.0,
    "pHy1": -0.002339778657831786,
    "pHy2": -7.11467998883686e-05,
    "pVy1": 0.047397824203680355,
    "pVy2": -0.010999999999999998,
    "pVy3": 0.02768840537850576,
    "pVy4": -0.19769807521877733
}