{
    "P0": 83,
    "FZ0": -1112,
    "pCy1": 1.3969386695827084,
    "pDy1": -2.513167522914015,
    "pDy2": 0.3780644773925068,
    "pDy3": 18.793766051747518,
    "pDy4": 0.4841541797841611,
    "pDy5": 0.5932281729112377,
    "pEy1": 0.08842673167874321,
    "pEy2": 0.6363500913453889,
    "pEy3": 4.09125543179992,
    "pEy4": 41.54527854179066,
    "pEy5": -99.99999999999999,
    "pEy6": 2.193673159105586,
    "pEy7": 1.9605728520465735,
    "pKy1": 32.25341525411397,
    "pKy2": 0.9966338980923488,
    "pKy3": 0.08245223899003956,
    "pKy4": 2.024483729849073,
    "pKy5": 36.2397879412417,
    "pKy6": -4.999999999999999,
    "pKy7": 2.957166377100249,
    "pKy8": 0.08308337218446378,
    "pKy9": -9.999999999999998,
    "pPy1": 0,
    "pPy2": 0,
    "pPy3": 0,
    "pPy4": 0,
    "pPy5": 0.0,
    "pHy1": -0.0010971072042625716,
    "pHy2": 6.733254483538128e-05,
    "pVy1": 0.04491160773810174,
    "pVy2": -0.00017912132747059637,
    "pVy3": -0.7999999999999999,
    "pVy4": -0.6634463362297802
}