{
    "P0": 83,
    "FZ0": -1112,
    "pCy1": 1.214782437551252,
    "pDy1": -2.6166011557697693,
    "pDy2": 1.2084022162391097e-24,
    "pDy3": 14.577527525493792,
    "pDy4": 0.36745915273948776,
    "pDy5": 0.9,
    "pEy1": 0.4123860056040071,
    "pEy2": 4.05241820432148,
    "pEy3": 0.10188414398669353,
    "pEy4": 2.658628684691793,
    "pEy5": -90.77771033570932,
    "pEy6": 15.237233362145089,
    "pEy7": 13.999999999999261,
    "pKy1": 31.365737339549955,
    "pKy2": 1.1210078769167617,
    "pKy3": -0.060893132691006616,
    "pKy4": 1.9821917933133626,
    "pKy5": 54.75922838866085,
    "pKy6": -4.343298365062438,
    "pKy7": -2.590187094279068,
    "pKy8": -4.5983059070574335,
    "pKy9": -9.999999999999998,
    "pPy1": 0,
    "pPy2": 0,
    "pPy3": 0,
    "pPy4": 0,
    "pPy5": 0.0,
    "pHy1": -0.0020916228079341905,
    "pHy2": 0.00023075590623269557,
    "pVy1": 0.03909650283778223,
    "pVy2": -0.010999999999999998,
    "pVy3": 0.25567911869624427,
    "pVy4": -0.7999999999999999
}