{
    "P0": 83,
    "FZ0": -1112,
    "pCy1": 1.4424496056751017,
    "pDy1": -2.3517737243044374,
    "pDy2": 0.3866750489801669,
    "pDy3": 12.941968750185891,
    "pDy4": 0.5692828202574767,
    "pDy5": 0.6145959551511532,
    "pEy1": -0.15045761285453416,
    "pEy2": -0.1504449172623868,
    "pEy3": -0.09565898886266108,
    "pEy4": 1.0158105087469833,
    "pEy5": -29.683632191794892,
    "pEy6": 5.15800187810657,
    "pEy7": 5.010102130510993,
    "pKy1": 33.74452022573453,
    "pKy2": 1.317983979936293,
    "pKy3": -0.24216041619567763,
    "pKy4": 2.02454070008603,
    "pKy5": 66.80858897172818,
    "pKy6": -4.558104426920406,
    "pKy7": 1.9507235245832486,
    "pKy8": 11.964609582186315,
    "pKy9": 4.569369452328147,
    "pPy1": 0,
    "pPy2": 0,
    "pPy3": 0,
    "pPy4": 0,
    "pPy5": 0.0,
    "pHy1": 0.0005827772117336208,
    "pHy2": 0.001252711496583891,
    "pVy1": 0.018092787944548376,
    "pVy2": -0.009000000000000669,
    "pVy3": 0.6183322112667015,
    "pVy4": 0.7999999999999999
}