{
    "P0": 83,
    "FZ0": -222,
    "pCy1": 1.1774671076346206,
    "pDy1": -3.9910697835024074,
    "pDy2": 2.9999994486443047,
    "pDy3": 27.050760726207134,
    "pDy4": 0.014408845545046012,
    "pDy5": -0.08985539596857016,
    "pEy1": 7.761986804289806,
    "pEy2": -3.5894962617627093,
    "pEy3": 0.8276190585268466,
    "pEy4": -73.84142652740248,
    "pEy5": 621.9671702596014,
    "pEy6": -1.1839502976695424,
    "pEy7": 0.932524362845817,
    "pKy1": 64.60823321441354,
    "pKy2": 3.008072709192619,
    "pKy3": -5.224215126448371,
    "pKy4": 3.3857426996082753,
    "pKy5": -10.898899611605247,
    "pKy6": -3.6758291239099816,
    "pKy7": 2.02728950107937,
    "pKy8": 34.295401601955,
    "pKy9": 0.40062133328232896,
    "pPy1": 0,
    "pPy2": 0,
    "pPy3": 0,
    "pPy4": 0,
    "pPy5": 0.0,
    "pHy1": -0.0003023763162207513,
    "pHy2": 0.0003819558898068286,
    "pVy1": -0.0027020259509120442,
    "pVy2": 0.0098504471811945,
    "pVy3": 0.7959804054846372,
    "pVy4": 0.0838071428245485
}