{
    "P0": 83,
    "FZ0": -1112,
    "pCy1": 1.5257920228476838,
    "pDy1": -2.2585538153274403,
    "pDy2": 0.2777250151773121,
    "pDy3": 5.4292114076126685,
    "pDy4": 0.48873605594869896,
    "pDy5": 0.8999829012833799,
    "pEy1": 0.29109734668249354,
    "pEy2": 0.35544456821710796,
    "pEy3": 0.0640103537406426,
    "pEy4": 0.1273561422070223,
    "pEy5": 28.965533118060076,
    "pEy6": 4.630156531151829,
    "pEy7": 3.7976824320381133,
    "pKy1": 28.98021691546467,
    "pKy2": 1.255736055114587,
    "pKy3": -0.574300221608605,
    "pKy4": 1.9720515898598365,
    "pKy5": 59.64477117125366,
    "pKy6": -4.012368039821861,
    "pKy7": 0.5433575256642559,
    "pKy8": 7.586702995690921,
    "pKy9": 2.7478251602205948,
    "pPy1": 0,
    "pPy2": 0,
    "pPy3": 0,
    "pPy4": 0,
    "pPy5": 0.0,
    "pHy1": 0.0005810494330582156,
    "pHy2": 0.0003680594010074851,
    "pVy1": 0.01709655806380756,
    "pVy2": 0.010999999999732371,
    "pVy3": 0.7999999999956778,
    "pVy4": 0.3101888465102828
}