{
    "P0": 83,
    "FZ0": -667,
    "pCy1": 1.1127856178797102,
    "pDy1": -2.474762821297489,
    "pDy2": 0.5455978664301403,
    "pDy3": 10.752951970585693,
    "pDy4": -0.48051588701124603,
    "pDy5": 0.34721303574940654,
    "pEy1": 0.015006314833666448,
    "pEy2": -3.165988413300401,
    "pEy3": -0.004488885114276407,
    "pEy4": 0.517355325675219,
    "pEy5": -21.71713051621464,
    "pEy6": -2.289052108432817,
    "pEy7": -0.13386932334898546,
    "pKy1": 36.9855543102294,
    "pKy2": 1.414127511672767,
    "pKy3": -1.5825739363537474,
    "pKy4": 1.9407073691760142,
    "pKy5": 111.42338155681966,
    "pKy6": -3.0857717039838297,
    "pKy7": -1.9815254696957414,
    "pKy8": 1.8228886125391237,
    "pKy9": 0.5904218710516917,
    "pPy1": 0,
    "pPy2": 0,
    "pPy3": 0,
    "pPy4": 0,
    "pPy5": 0.0,
    "pHy1": 0.0002130520348472694,
    "pHy2": 7.861753125799555e-05,
    "pVy1": 0.022475364864527815,
    "pVy2": 0.008999999999984045,
    "pVy3": 0.7796878088384096,
    "pVy4": 0.6406480003947017
}