{
    "P0": 83,
    "FZ0": -1112,
    "pCy1": 1.8062523048558943,
    "pDy1": -2.5503427232731424,
    "pDy2": 0.8872221141005829,
    "pDy3": 10.481401356759456,
    "pDy4": 0.7190355176843881,
    "pDy5": 0.8385031002308737,
    "pEy1": 0.5073096833721831,
    "pEy2": 2.211960988481766,
    "pEy3": 0.030192567631940427,
    "pEy4": 0.5121490842700008,
    "pEy5": 97.26726803932993,
    "pEy6": 10.469628321389104,
    "pEy7": 8.31652921136107,
    "pKy1": 27.824219453582266,
    "pKy2": 1.015742809560701,
    "pKy3": 0.12700037422086208,
    "pKy4": 2.3705281877701867,
    "pKy5": 106.9803747007245,
    "pKy6": -4.65844862290037,
    "pKy7": 4.353928788650681,
    "pKy8": 6.108668062768105,
    "pKy9": -9.999999999999998,
    "pPy1": 0,
    "pPy2": 0,
    "pPy3": 0,
    "pPy4": 0,
    "pPy5": 0.0,
    "pHy1": -0.0015605185228699866,
    "pHy2": 0.0024944843768062645,
    "pVy1": 0.0255720934781367,
    "pVy2": 0.010999999999999998,
    "pVy3": -0.7999999999999999,
    "pVy4": 0.12122753626830828
}