{
    "P0": 83,
    "FZ0": -445,
    "pCy1": 1.2726780367234587,
    "pDy1": -2.779481889403581,
    "pDy2": 0.1731538284026101,
    "pDy3": 17.485723486184927,
    "pDy4": -0.021387399854480998,
    "pDy5": 0.024381988874918728,
    "pEy1": -1.2170000136965367,
    "pEy2": -2.0730604631021263,
    "pEy3": -0.10840024272305541,
    "pEy4": -7.973331759119783,
    "pEy5": -8.804074366679506,
    "pEy6": -1.3374365578395517,
    "pEy7": 1.5236756844126804,
    "pKy1": 53.39513012495602,
    "pKy2": 1.6282913518656328,
    "pKy3": -0.34520026273304744,
    "pKy4": 1.9112726297202456,
    "pKy5": 55.05945995835086,
    "pKy6": -4.262841061766388,
    "pKy7": -3.640209748693385,
    "pKy8": 0.9442916874119853,
    "pKy9": 0.9484220517363171,
    "pPy1": 0,
    "pPy2": 0,
    "pPy3": 0,
    "pPy4": 0,
    "pPy5": 0.0,
    "pHy1": -0.0013660418374982254,
    "pHy2": 0.0010731028034804966,
    "pVy1": 0.01382341956937124,
    "pVy2": 0.010999999999999998,
    "pVy3": -0.7999999999999985,
    "pVy4": 0.046180837779828454
}