{
    "P0": 83,
    "FZ0": -222,
    "pCy1": 1.591705919137131,
    "pDy1": -3.2173649907712165,
    "pDy2": -2.536807619107361,
    "pDy3": 19.28893900621704,
    "pDy4": -1.2457427105614347,
    "pDy5": 0.23015348222844617,
    "pEy1": -0.6376237862125025,
    "pEy2": -1.1388711645218295,
    "pEy3": -0.5516405353279323,
    "pEy4": 9.325469727771665,
    "pEy5": 214.18016255415486,
    "pEy6": 5.1479411491176155,
    "pEy7": -0.8744082476796432,
    "pKy1": 65.33340600534929,
    "pKy2": 3.3483961992203044,
    "pKy3": -4.5988748170442575,
    "pKy4": 1.8109587170316028,
    "pKy5": 100.40569087325808,
    "pKy6": -0.7102994236726272,
    "pKy7": -0.19815735134198664,
    "pKy8": -0.7811389461045125,
    "pKy9": 0.16433166934245508,
    "pPy1": 0,
    "pPy2": 0,
    "pPy3": 0,
    "pPy4": 0,
    "pPy5": 0.0,
    "pHy1": 0.00036654630604765124,
    "pHy2": 0.0016055147720262881,
    "pVy1": 0.012556696631569456,
    "pVy2": -0.003071029058713914,
    "pVy3": 0.36029956667974883,
    "pVy4": -0.45659410077814855
}