{
    "P0": 83,
    "FZ0": -667,
    "pCy1": 1.2400008499141755,
    "pDy1": -2.6590562384674206,
    "pDy2": 0.04531821756881362,
    "pDy3": 14.852739205919821,
    "pDy4": 0.04671359886177281,
    "pDy5": 0.5748981938789585,
    "pEy1": 0.23656906330499955,
    "pEy2": -1.4613590546251192,
    "pEy3": -0.04627867274180768,
    "pEy4": -1.709858618458062,
    "pEy5": -91.28795486863993,
    "pEy6": -2.2041684667528476,
    "pEy7": 0.6765851375018084,
    "pKy1": 41.67413382786693,
    "pKy2": 1.4174165739853266,
    "pKy3": -2.1063394847575236,
    "pKy4": 1.959778332565076,
    "pKy5": 136.78421568149795,
    "pKy6": -3.201367723506168,
    "pKy7": -2.1039234953496844,
    "pKy8": 2.1322654360839866,
    "pKy9": -1.0523936203621764,
    "pPy1": 0,
    "pPy2": 0,
    "pPy3": 0,
    "pPy4": 0,
    "pPy5": 0.0,
    "pHy1": -0.0025057142913713767,
    "pHy2": -5.951768358976787e-05,
    "pVy1": 0.055980316475782464,
    "pVy2": -0.010999999999999998,
    "pVy3": 0.7591722226081673,
    "pVy4": -0.799999999683702
}