{
    "P0": 83,
    "FZ0": -1112,
    "pCy1": 1.7355553655238674,
    "pDy1": -2.5393986498327576,
    "pDy2": 0.34361638845531534,
    "pDy3": 8.926878684641425,
    "pDy4": 0.2328995725466657,
    "pDy5": 0.9,
    "pEy1": 0.5197142901527688,
    "pEy2": 1.1218707348747385,
    "pEy3": 0.0016496020084576324,
    "pEy4": 0.38319244527093727,
    "pEy5": 106.92070254742268,
    "pEy6": 6.7936371606985455,
    "pEy7": 5.643883756395496,
    "pKy1": 35.446275588442894,
    "pKy2": 1.0999383347159006,
    "pKy3": -0.7218526858820994,
    "pKy4": 1.985424687322746,
    "pKy5": 108.16622855654538,
    "pKy6": -4.999999999999999,
    "pKy7": 2.6208040644845854,
    "pKy8": 2.515333681804543,
    "pKy9": -9.999999999999998,
    "pPy1": 0,
    "pPy2": 0,
    "pPy3": 0,
    "pPy4": 0,
    "pPy5": 0.0,
    "pHy1": -0.0031709028637999345,
    "pHy2": 0.0011644228978817137,
    "pVy1": 0.0723143290167514,
    "pVy2": -0.010999999999999998,
    "pVy3": 0.036528926364008056,
    "pVy4": -0.7999999999999999
}