{
    "P0": 83,
    "FZ0": -667,
    "pCy1": 1.2537360049695778,
    "pDy1": -2.4076464134424254,
    "pDy2": 0.32616588297675997,
    "pDy3": 13.625572121503863,
    "pDy4": -0.08948315686762931,
    "pDy5": -0.08796841363175498,
    "pEy1": -1.1702194648165354,
    "pEy2": -3.3603196415076204,
    "pEy3": 0.019221963954455815,
    "pEy4": -4.657549848998996,
    "pEy5": -72.31163302320226,
    "pEy6": 0.4582430867824735,
    "pEy7": 4.804672700534791,
    "pKy1": 37.865533025469354,
    "pKy2": 1.29695328673618,
    "pKy3": -2.6065771028441658,
    "pKy4": 1.849542292240335,
    "pKy5": 112.73618211569298,
    "pKy6": -4.60806165628672,
    "pKy7": -3.040191421806096,
    "pKy8": 3.3092178317978496,
    "pKy9": 0.6099337357417303,
    "pPy1": 0,
    "pPy2": 0,
    "pPy3": 0,
    "pPy4": 0,
    "pPy5": 0.0,
    "pHy1": -0.0008223420318505063,
    "pHy2": 0.0006628899215518171,
    "pVy1": 0.044320063332822505,
    "pVy2": -0.002443505532698874,
    "pVy3": 0.16208212164243746,
    "pVy4": 0.09003725953223343
}