{
    "P0": 83,
    "FZ0": -890,
    "pCy1": 1.330095814420427,
    "pDy1": -2.41412506609729,
    "pDy2": 1.0000000000000065e-06,
    "pDy3": 14.372111896005775,
    "pDy4": -0.21157882725088384,
    "pDy5": 0.09999999999999999,
    "pEy1": -0.341458410052896,
    "pEy2": -1.26529377226548,
    "pEy3": -0.08749568071841866,
    "pEy4": -4.500345322876172,
    "pEy5": -99.67145808782904,
    "pEy6": 2.999876919150884,
    "pEy7": 4.2296551507660505,
    "pKy1": 37.30493906313169,
    "pKy2": 1.3520234707639605,
    "pKy3": -1.7687720208044948,
    "pKy4": 2.005524287363633,
    "pKy5": 124.77238462178718,
    "pKy6": -4.485022788172374,
    "pKy7": -1.8223298027456671,
    "pKy8": 7.188583720025035,
    "pKy9": 4.283276943330153,
    "pPy1": 0,
    "pPy2": 0,
    "pPy3": 0,
    "pPy4": 0,
    "pPy5": 0.0,
    "pHy1": -0.00022622394646384876,
    "pHy2": 0.0004278583728124942,
    "pVy1": 0.036028722506621993,
    "pVy2": 0.009,
    "pVy3": -0.04412358113038982,
    "pVy4": -0.5336926738715866
}